87.75
94.46
97.6925
102.7
108.813
118.013
132.613
149.012
160.035
163.933
162.995
157.308
145.95
132.015
121.733
116.65
112.29
106.787
96.8775
86.5575
91.175
93.4275
94.925
94.9225
96.4175
106.56
123.85
145.577
157.352
154.507
137.99
118.123
102.315
96.44
100.275
104.08
102.103
96.27
90.73
92.245
92.0025
90.2525
86.2825
84.215
89.365
100.17
125.07
148.548
141.567
114.85
97.8825
87.84
86.1175
93.0375
99.32
100.005
96.2
96.075
89.46
83.7975
75.6625
71.905
83.17
88.29
93.135
109.72
145.183
136.34
104.89
97.555
90.5225
79.155
74.07
84.715
90.76
96.2675
100.368
89.2125
85.1175
81.245
75.7075
95.9575
96.12
95.3825
104.302
144.805
134.1
104.775
105.34
100.713
85.0475
76.535
86.345
89.595
101.565
109.54
101.965
99.5325
104.855
105.978
110.332
107.888
98.285
107.48
146.007
136.708
109.728
116.472
114.993
111
109.927
108.86
109.435
117.543
119.427
120.772
121.927
125.082
127.65
126.618
118.433
103.043
113.39
145.095
139.278
116.95
125.7
131.485
132.46
132.912
132.482
134.4
134.755
124.775
131.648
137.518
141.123
141.77
137.725
122.04
106.433
117.965
145.025
140.028
121.44
130.752
145.305
149.798
150.885
151.82
150.127
144.035
125.33
133.315
141.542
146.683
146.97
140.308
120.725
106.925
123.998
150.458
144.545
122.775
128.268
147.405
156.075
158.37
158.555
154.577
144.935
126.198
135.262
144.63
150.833
149.955
138.99
115.832
108.22
128.732
155.683
149.268
124.49
122.165
145.173
158.643
162.303
162
155.732
144.537
124.895
133.157
142.315
147.928
143.895
129.798
108.065
100.668
114.465
140.3
131.502
114.27
117.653
136.03
152.525
158.77
159.16
152.3
139.912
123.638
129.442
136.243
139.34
134.583
125.172
107.06
91.9
96.2475
110.55
107.55
101.785
114.615
136.925
145.15
149.192
150.115
144.067
132.41
120.675
125.157
128.855
129.708
126.627
120.985
112.475
103.403
106.493
112.63
115.707
115.873
124.032
134.368
138.28
138.805
139.155
135.002
125.978
118.198
121.215
123.672
120.922
114.412
108.465
107.55
109.218
118.903
123.13
125.97
123.478
121.752
121.545
124.672
129.325
131.28
129.778
123.358
117.847
118.953
120.99
114.23
101.338
91.77
94.2925
100.922
111.97
117.293
117.892
112.642
108.168
104.547
110.84
122.293
128.648
127.608
122.97
118.04
116.66
119.112
113.78
101.355
85.4125
81.6775
91.265
104.573
109.855
109.892
102.642
95.225
95.395
110.115
122.86
128.732
125.52
121.573
116.248
113.15
116.377
117
112.13
100.427
93.3525
99.9225
113.895
119.245
119.875
114.585
108.782
113.595
124.35
128.915
127.517
121.282
118.722
109.37
108.692
109.953
113.005
113.725
111.662
106.495
107.245
113.705
117.09
118.595
119.63
121.123
125.978
129.47
128.053
122.103
115.83
113.365
101.222
101.998
103.073
105.257
108.907
112.92
114.43
115.735
116.338
117.635
120.805
124.858
127.463
127.763
126.007
121.605
114.02
107.597
105.638
